100 7
100 100 100 100 100 100 100
32 -1 -1 -1 -1 -1 -1 -1 -1 -1 -1 -1 -1 -1 -1 -1 -1 -1 -1 1999 -1 -1 1272 -1 -1 -1 -1 -1 -1 -1 -1 -1 889 -1 -1 1904 -1 -1 -1 -1 -1 -1 -1 -1 -1 -1 1724 -1 1320 1116 -1 -1 -1 -1 -1 -1 -1 -1 -1 -1 -1 -1 -1 -1 -1 1707 -1 -1 -1 -1 -1 -1 -1 1850 -1 -1 -1 -1 -1 -1 -1 -1 -1 -1 -1 -1 -1 -1 -1 -1 -1 1728 -1 -1 -1 -1 -1 713 -1
26 -1 -1 -1 -1 715 -1 1937 -1 1283 -1 -1 -1 -1 -1 -1 -1 -1 -1 -1 -1 -1 -1 -1 -1 -1 -1 -1 -1 -1 -1 -1 -1 -1 -1 -1 -1 -1 -1 -1 -1 -1 -1 -1 -1 -1 -1 -1 -1 2043 -1 -1 -1 -1 -1 -1 -1 -1 -1 -1 -1 -1 1759 992 -1 -1 1695 -1 1160 -1 -1 -1 -1 -1 1413 -1 -1 -1 -1 -1 -1 787 -1 -1 -1 -1 -1 -1 -1 -1 -1 -1 -1 -1 -1 -1 -1 -1
31 -1 -1 -1 -1 -1 -1 -1 -1 -1 -1 -1 -1 -1 1716 -1 1716 -1 -1 -1 -1 -1 -1 -1 -1 -1 -1 -1 -1 -1 1747 -1 -1 1858 1109 -1 1593 -1 -1 -1 -1 -1 -1 -1 -1 -1 -1 -1 -1 -1 -1 -1 -1 -1 -1 1589 -1 -1 -1 1737 -1 -1 -1 -1 -1 -1 -1 -1 -1 -1 984 -1 -1 -1 -1 -1 -1 -1 -1 -1 -1 -1 -1 1742 -1 -1 -1 -1 -1 -1 -1 -1 -1 -1 -1 -1 -1
68 -1 -1 -1 -1 -1 -1 -1 -1 -1 -1 -1 -1 -1 -1 -1 -1 -1 1292 -1 -1 -1 1100 -1 -1 -1 -1 -1 -1 -1 -1 -1 1658 -1 -1 -1 -1 -1 799 -1 -1 -1 -1 -1 1005 -1 -1 -1 -1 -1 -1 -1 -1 -1 -1 -1 -1 -1 -1 -1 -1 -1 -1 1954 -1 -1 -1 -1 1603 -1 -1 -1 -1 -1 1889 -1 -1 -1 -1 -1 -1 -1 -1 -1 924 -1 -1 -1 -1 -1 -1 -1 -1 1220 -1 -1
97 -1 -1 -1 -1 946 -1 -1 -1 -1 -1 -1 -1 -1 -1 1371 -1 -1 -1 -1 -1 1916 -1 -1 -1 -1 -1 -1 -1 -1 -1 -1 -1 -1 -1 1457 -1 -1 -1 1383 -1 -1 -1 -1 -1 897 -1 -1 -1 -1 -1 -1 -1 -1 -1 881 -1 -1 -1 -1 -1 -1 -1 -1 -1 -1 -1 -1 -1 1672 -1 -1 -1 -1 -1 -1 -1 -1 -1 -1 1219 -1 1054 -1 -1 1792 -1 -1 -1 -1 845 -1 -1 1879 -1
12 -1 -1 -1 -1 1285 -1 -1 -1 -1 -1 1702 -1 -1 -1 -1 -1 -1 -1 -1 -1 -1 -1 -1 -1 1199 -1 1675 -1 -1 -1 -1 -1 -1 1106 -1 -1 -1 -1 1713 -1 -1 -1 -1 -1 -1 -1 -1 -1 -1 -1 -1 -1 1533 -1 -1 -1 -1 1459 -1 -1 -1 -1 -1 -1 -1 -1 -1 -1 -1 -1 -1 -1 -1 -1 -1 -1 -1 -1 -1 -1 -1 -1 1875 -1 -1 -1 -1 -1 -1 1243 -1 -1 -1
76 1060 -1 -1 -1 -1 -1 -1 -1 -1 -1 -1 -1 -1 -1 -1 -1 -1 -1 -1 -1 -1 -1 -1 -1 -1 1467 -1 1699 1017 -1 -1 -1 -1 -1 -1 -1 -1 -1 -1 -1 -1 -1 1135 -1 -1 -1 -1 -1 -1 -1 1114 -1 -1 1142 -1 -1 -1 -1 -1 -1 -1 -1 1855 -1 -1 -1 -1 -1 1009 1917 -1 -1 -1 -1 -1 -1 -1 2015 -1 -1 -1 -1 -1 -1 -1 -1 -1 -1 -1 -1 1531 -1
44 -1 -1 -1 -1 -1 -1 -1 -1 -1 -1 -1 -1 -1 -1 -1 -1 -1 -1 -1 -1 -1 -1 1372 -1 -1 -1 -1 -1 881 -1 -1 -1 -1 -1 -1 1196 -1 -1 -1 -1 -1 -1 -1 -1 -1 1898 -1 -1 -1 -1 -1 1135 -1 -1 -1 -1 1871 -1 -1 -1 -1 -1 -1 -1 805 800 -1 -1 -1 -1 -1 -1 -1 -1 -1 -1 1657 -1 -1 -1 -1 -1 -1 -1 -1 -1 -1 -1 -1 -1 -1
45 -1 1832 -1 -1 -1 -1 -1 -1 1154 -1 742 -1 -1 -1 -1 -1 -1 -1 -1 -1 -1 -1 -1 -1 -1 -1 -1 1180 -1 -1 -1 -1 -1 -1 -1 -1 -1 -1 -1 -1 -1 909 -1 -1 -1 -1 -1 -1 -1 -1 -1 -1 -1 -1 -1 -1 1584 -1 -1 -1 -1 -1 -1 -1 -1 -1 -1 -1 -1 -1 -1 -1 -1 -1 -1 -1 -1 -1 -1 -1 -1 -1 -1 845 -1 800 -1 -1 -1 -1
76 1226 1263 -1 1132 -1 1935 -1 -1 -1 -1 -1 -1 -1 1889 -1 -1 -1 -1 -1 -1 -1 -1 -1 -1 -1 -1 -1 -1 -1 989 -1 -1 -1 -1 -1 -1 932 -1 -1 1241 -1 -1 1751 -1 -1 1103 -1 -1 -1 -1 -1 -1 -1 -1 -1 -1 1665 -1 -1 -1 -1 -1 -1 1264 -1 -1 -1 -1 -1 -1 -1 -1 -1 -1 1601 -1 -1 -1 -1 1378 -1 -1 -1 -1 -1 -1 1044 -1 -1
85 -1 2024 -1 -1 1791 -1 -1 -1 -1 -1 -1 -1 -1 -1 1601 -1 -1 -1 -1 -1 -1 -1 -1 -1 1759 1766 -1 -1 -1 -1 -1 -1 1900 -1 -1 -1 1106 -1 -1 -1 -1 -1 1749 -1 -1 -1 -1 -1 -1 -1 1397 -1 -1 -1 -1 -1 -1 -1 -1 -1 -1 -1 -1 -1 -1 -1 -1 -1 -1 -1 -1 -1 -1 -1 -1 -1 -1 -1 -1 -1 -1 -1 -1 1588 -1 -1 -1 -1
90 -1 -1 -1 -1 -1 -1 -1 -1 -1 -1 -1 -1 811 -1 -1 -1 1322 -1 -1 -1 -1 -1 -1 -1 -1 -1 -1 -1 -1 -1 -1 -1 -1 -1 -1 -1 -1 -1 -1 -1 1879 -1 -1 -1 -1 -1 -1 -1 1992 -1 -1 -1 -1 -1 -1 -1 -1 -1 -1 -1 -1 -1 -1 -1 -1 -1 -1 -1 -1 -1 -1 -1 -1 -1 -1 -1 -1 -1 -1 -1 -1 1360 -1 -1 -1 823 -1
56 -1 -1 -1 -1 -1 1157 -1 -1 -1 -1 -1 -1 -1 -1 -1 -1 -1 -1 1666 1463 -1 -1 -1 -1 -1 1413 1307 -1 -1 -1 -1 -1 -1 -1 -1 -1 -1 -1 -1 -1 -1 -1 -1 -1 -1 -1 -1 -1 -1 -1 -1 -1 -1 -1 -1 -1 2045 -1 1950 -1 -1 -1 -1 -1 -1 -1 -1 -1 -1 -1 -1 -1 -1 -1 -1 -1 -1 -1 -1 -1 -1 -1 -1 -1 -1 -1
59 -1 -1 -1 -1 -1 -1 -1 1501 -1 -1 -1 -1 -1 -1 -1 -1 -1 -1 1134 -1 -1 -1 -1 -1 -1 -1 -1 -1 -1 -1 -1 -1 -1 716 1065 -1 -1 -1 -1 -1 -1 1695 -1 -1 -1 -1 751 -1 -1 -1 -1 -1 -1 -1 -1 -1 -1 -1 -1 -1 -1 -1 -1 -1 -1 -1 -1 -1 -1 -1 -1 1182 -1 -1 -1 -1 -1 -1 -1 -1 -1 -1 -1 -1 -1
29 -1 -1 -1 -1 -1 -1 -1 -1 -1 -1 -1 -1 -1 -1 -1 -1 -1 -1 -1 -1 -1 1202 -1 -1 -1 -1 -1 -1 -1 -1 -1 -1 -1 -1 1813 -1 -1 -1 1647 -1 -1 -1 -1 -1 -1 -1 -1 -1 -1 -1 1077 -1 -1 -1 -1 -1 -1 1971 -1 -1 -1 -1 -1 -1 -1 -1 1635 -1 -1 -1 -1 939 1993 -1 1001 -1 -1 -1 -1 -1 -1 -1 -1 1858
34 -1 872 -1 -1 -1 -1 -1 -1 -1 -1 -1 -1 -1 -1 -1 -1 -1 1787 -1 -1 1730 -1 -1 -1 -1 -1 -1 1042 -1 -1 -1 -1 -1 -1 -1 -1 -1 -1 -1 -1 777 2074 -1 -1 -1 -1 -1 -1 -1 -1 -1 -1 1172 -1 -1 -1 -1 -1 -1 -1 -1 -1 -1 -1 1304 -1 1284 -1 -1 -1 -1 -1 -1 -1 -1 -1 -1 -1 -1 -1 1048 -1 1057
57 -1 -1 -1 -1 -1 -1 -1 -1 -1 -1 -1 -1 -1 -1 1343 -1 -1 -1 -1 1633 -1 -1 -1 -1 -1 -1 -1 -1 -1 -1 -1 -1 -1 -1 -1 -1 -1 -1 -1 -1 -1 -1 -1 -1 -1 986 805 -1 -1 -1 -1 -1 -1 -1 -1 -1 -1 -1 -1 1455 -1 -1 -1 -1 -1 -1 -1 -1 -1 1672 -1 -1 -1 -1 -1 -1 -1 -1 -1 -1 -1 -1
6 -1 -1 -1 719 -1 -1 -1 -1 -1 -1 -1 -1 -1 -1 -1 -1 -1 -1 1902 -1 -1 -1 -1 1625 -1 -1 -1 -1 -1 -1 -1 -1 -1 -1 -1 -1 -1 -1 -1 -1 -1 -1 -1 -1 816 -1 -1 -1 1775 -1 -1 -1 -1 -1 -1 -1 -1 -1 -1 1351 -1 -1 -1 -1 -1 -1 -1 -1 -1 -1 -1 -1 -1 -1 -1 -1 -1 -1 -1 -1 -1
90 -1 -1 -1 -1 -1 -1 -1 -1 -1 -1 -1 910 -1 -1 -1 -1 -1 -1 -1 -1 -1 -1 -1 -1 717 -1 -1 -1 -1 -1 -1 -1 -1 -1 -1 -1 -1 -1 -1 -1 -1 -1 -1 -1 -1 -1 -1 -1 -1 -1 -1 -1 -1 -1 1992 -1 -1 -1 -1 -1 -1 -1 -1 -1 -1 -1 -1 -1 -1 -1 -1 -1 -1 -1 -1 -1 -1 -1 -1 -1
2 -1 -1 -1 -1 -1 -1 -1 -1 -1 -1 -1 -1 -1 -1 -1 -1 -1 -1 -1 1192 1300 -1 -1 -1 -1 -1 -1 1571 -1 1726 -1 -1 -1 -1 -1 -1 -1 -1 1788 -1 -1 -1 -1 -1 -1 -1 -1 -1 -1 -1 -1 -1 -1 -1 -1 1765 -1 -1 -1 -1 1189 -1 -1 -1 -1 -1 -1 -1 -1 -1 -1 908 -1 -1 -1 -1 1889 848 2073
58 -1 -1 -1 -1 -1 -1 -1 -1 -1 -1 1201 -1 -1 -1 1652 -1 -1 -1 -1 -1 -1 -1 -1 -1 1893 -1 -1 1852 -1 -1 -1 -1 -1 -1 -1 -1 -1 -1 -1 -1 -1 -1 -1 -1 -1 -1 -1 -1 -1 -1 -1 -1 -1 -1 -1 -1 -1 -1 -1 -1 -1 -1 -1 -1 -1 -1 -1 -1 -1 -1 -1 -1 -1 -1 -1 -1 -1 -1
31 -1 -1 2067 -1 -1 -1 -1 -1 -1 -1 -1 -1 -1 -1 -1 -1 1265 -1 -1 -1 -1 -1 -1 -1 -1 -1 -1 -1 -1 -1 -1 -1 -1 -1 1400 -1 -1 -1 -1 -1 -1 -1 1510 -1 -1 1932 -1 -1 1707 -1 -1 -1 -1 -1 -1 -1 -1 -1 -1 -1 -1 1703 -1 -1 -1 -1 -1 -1 -1 -1 -1 -1 -1 -1 -1 -1 -1
69 -1 -1 -1 -1 -1 -1 -1 -1 -1 964 882 -1 -1 1960 -1 -1 -1 -1 -1 -1 -1 -1 -1 -1 -1 -1 -1 -1 -1 -1 -1 -1 -1 -1 -1 -1 -1 -1 -1 -1 -1 -1 -1 -1 -1 -1 -1 -1 1210 -1 -1 -1 -1 -1 -1 -1 -1 -1 1014 -1 -1 -1 -1 -1 -1 1175 -1 -1 -1 1222 -1 -1 -1 -1 1617 -1
42 -1 -1 -1 -1 -1 -1 -1 -1 -1 -1 -1 -1 -1 -1 -1 -1 -1 -1 -1 -1 -1 -1 -1 -1 -1 -1 -1 -1 1602 -1 -1 1446 -1 -1 -1 -1 -1 -1 -1 -1 -1 -1 -1 -1 -1 -1 -1 -1 -1 -1 -1 -1 -1 -1 -1 -1 -1 -1 -1 -1 -1 -1 -1 -1 -1 -1 -1 -1 -1 -1 -1 -1 -1 -1 996
100 -1 -1 -1 -1 -1 -1 -1 -1 -1 -1 -1 1678 -1 -1 1383 -1 -1 -1 -1 -1 760 -1 -1 -1 -1 -1 -1 -1 -1 -1 -1 -1 -1 -1 -1 -1 -1 1811 1232 -1 -1 1060 -1 1307 892 1861 952 -1 -1 -1 -1 -1 1409 -1 1143 -1 -1 -1 -1 -1 -1 -1 -1 -1 -1 -1 -1 -1 -1 -1 -1 -1 -1 -1
37 -1 -1 -1 -1 -1 -1 -1 -1 -1 -1 -1 -1 -1 912 -1 1808 -1 -1 -1 1352 1990 -1 -1 -1 -1 -1 -1 -1 2017 -1 -1 -1 -1 -1 -1 -1 -1 -1 -1 -1 -1 -1 -1 -1 -1 -1 -1 -1 -1 -1 -1 -1 1797 -1 1992 -1 -1 -1 -1 -1 -1 -1 -1 -1 -1 -1 -1 -1 -1 -1 -1 -1 -1
67 -1 -1 -1 -1 1958 -1 -1 -1 -1 -1 822 -1 -1 -1 -1 -1 -1 -1 -1 -1 -1 -1 -1 -1 -1 -1 -1 -1 -1 -1 -1 -1 -1 -1 -1 1515 -1 -1 -1 -1 -1 -1 -1 -1 -1 -1 -1 -1 -1 -1 -1 -1 -1 -1 -1 -1 -1 -1 -1 -1 -1 -1 1342 -1 -1 -1 -1 -1 -1 -1 -1 -1
77 -1 -1 -1 -1 -1 1418 -1 -1 -1 -1 -1 -1 -1 -1 -1 -1 -1 -1 -1 -1 -1 -1 -1 -1 -1 -1 -1 -1 -1 -1 -1 -1 -1 -1 -1 -1 -1 -1 -1 772 -1 -1 -1 -1 1650 -1 -1 -1 -1 -1 -1 -1 -1 -1 874 -1 -1 -1 -1 -1 -1 1597 -1 -1 -1 -1 -1 820 -1 -1 -1
38 -1 -1 -1 -1 -1 -1 1846 1942 -1 -1 -1 1130 -1 -1 -1 -1 -1 -1 -1 -1 -1 -1 -1 -1 -1 -1 -1 -1 -1 -1 -1 -1 -1 -1 -1 -1 -1 -1 -1 -1 1416 -1 -1 1224 -1 -1 -1 -1 808 -1 -1 -1 -1 -1 -1 -1 -1 -1 -1 -1 -1 -1 -1 -1 -1 -1 -1 -1 -1 -1
37 -1 -1 -1 -1 2063 -1 -1 -1 -1 -1 -1 -1 -1 -1 -1 -1 -1 -1 -1 -1 -1 -1 -1 -1 -1 1380 1685 1536 -1 -1 -1 -1 -1 -1 -1 -1 -1 -1 -1 -1 -1 -1 -1 -1 -1 -1 -1 -1 -1 -1 -1 -1 -1 1627 -1 -1 -1 894 -1 -1 -1 -1 -1 -1 -1 -1 -1 -1 -1
41 -1 -1 -1 -1 979 -1 -1 -1 1822 -1 -1 -1 -1 -1 1499 1255 -1 -1 -1 2092 -1 -1 -1 -1 -1 1034 -1 -1 -1 1320 -1 -1 1088 -1 -1 -1 -1 -1 -1 -1 -1 -1 -1 -1 -1 -1 -1 -1 -1 -1 -1 1490 -1 -1 -1 -1 -1 -1 -1 -1 -1 -1 -1 -1 -1 -1 -1 -1
73 -1 -1 -1 -1 -1 -1 -1 -1 -1 -1 -1 -1 -1 -1 -1 -1 -1 -1 -1 -1 -1 -1 -1 -1 -1 -1 -1 -1 -1 1142 -1 -1 -1 -1 -1 -1 -1 -1 -1 -1 -1 -1 -1 -1 -1 -1 -1 -1 -1 -1 -1 -1 -1 -1 -1 -1 -1 1950 -1 -1 -1 -1 -1 -1 -1 -1 -1
98 -1 1569 -1 -1 -1 -1 -1 -1 -1 -1 -1 1611 -1 -1 1130 -1 -1 -1 1644 -1 -1 -1 -1 -1 -1 -1 -1 -1 -1 -1 -1 -1 -1 -1 -1 -1 -1 -1 -1 -1 -1 -1 -1 -1 -1 -1 -1 -1 -1 -1 -1 -1 -1 -1 -1 -1 -1 -1 -1 -1 2051 -1 -1 -1 -1 -1
95 -1 -1 -1 -1 -1 -1 974 -1 -1 -1 -1 1246 -1 -1 -1 -1 -1 -1 -1 -1 -1 -1 -1 -1 -1 875 1908 -1 -1 -1 1805 -1 -1 -1 -1 -1 -1 -1 -1 1172 -1 -1 -1 1500 -1 -1 -1 -1 -1 -1 -1 -1 -1 -1 -1 -1 -1 -1 -1 -1 -1 -1 -1 1176 -1
86 -1 -1 -1 -1 -1 -1 -1 -1 -1 -1 -1 -1 -1 1805 -1 -1 -1 1773 -1 -1 -1 -1 -1 -1 -1 -1 -1 -1 -1 1908 -1 -1 -1 -1 -1 -1 -1 -1 -1 -1 -1 -1 -1 -1 -1 -1 -1 -1 -1 -1 -1 -1 -1 -1 -1 -1 -1 -1 -1 1351 -1 -1 -1 -1
21 -1 -1 2091 -1 -1 1030 -1 -1 1025 -1 -1 -1 -1 -1 -1 -1 -1 -1 -1 1851 -1 -1 -1 -1 -1 -1 1214 -1 -1 -1 -1 -1 -1 1362 -1 -1 -1 -1 -1 -1 -1 -1 -1 -1 -1 -1 -1 -1 -1 -1 1870 -1 -1 -1 -1 -1 -1 -1 -1 -1 -1 -1 -1
16 -1 -1 -1 -1 -1 904 -1 -1 -1 -1 -1 -1 -1 -1 -1 -1 -1 1307 -1 706 -1 -1 -1 -1 1656 -1 -1 -1 -1 -1 -1 -1 -1 1428 2022 -1 -1 -1 -1 -1 -1 -1 -1 -1 -1 -1 -1 -1 -1 -1 -1 795 -1 -1 -1 -1 -1 1926 -1 -1 -1 -1
91 -1 -1 -1 -1 -1 -1 -1 -1 -1 -1 -1 -1 -1 -1 -1 -1 -1 -1 -1 -1 -1 -1 -1 -1 -1 -1 -1 -1 -1 -1 -1 -1 -1 -1 -1 1955 -1 -1 938 -1 -1 -1 -1 -1 -1 -1 -1 -1 -1 -1 -1 -1 -1 -1 -1 -1 1342 1763 -1 -1 -1
69 -1 -1 -1 -1 -1 -1 1857 -1 -1 -1 -1 -1 -1 -1 1440 -1 -1 -1 -1 -1 -1 -1 -1 -1 -1 -1 -1 -1 -1 -1 -1 -1 -1 -1 -1 -1 -1 -1 -1 -1 1868 -1 1827 -1 -1 -1 -1 -1 -1 -1 -1 -1 -1 -1 -1 -1 -1 -1 -1 -1
32 -1 1754 -1 -1 -1 1777 -1 -1 -1 -1 -1 -1 -1 -1 -1 -1 -1 -1 -1 -1 -1 -1 -1 -1 -1 -1 -1 -1 -1 -1 -1 -1 -1 -1 1294 -1 -1 -1 -1 -1 1677 -1 -1 -1 -1 -1 -1 -1 1478 -1 -1 731 -1 -1 -1 -1 -1 752 -1
38 -1 -1 -1 -1 -1 -1 -1 -1 -1 -1 -1 -1 -1 -1 -1 -1 1727 -1 1592 -1 -1 1265 -1 -1 -1 -1 -1 -1 -1 -1 -1 -1 -1 -1 -1 -1 -1 -1 990 -1 -1 -1 -1 -1 -1 -1 -1 -1 -1 -1 -1 -1 -1 -1 -1 -1 -1 -1
83 1120 -1 -1 -1 -1 -1 -1 -1 -1 -1 -1 -1 -1 -1 -1 -1 1503 -1 -1 -1 -1 -1 814 -1 1103 938 -1 -1 -1 -1 -1 -1 -1 1375 -1 -1 -1 -1 -1 729 -1 -1 -1 -1 -1 -1 -1 -1 -1 -1 -1 -1 1825 -1 -1 -1 -1
6 -1 -1 -1 -1 -1 -1 -1 -1 -1 2022 -1 -1 941 -1 -1 -1 -1 -1 -1 -1 -1 -1 -1 -1 -1 -1 -1 -1 -1 -1 -1 -1 -1 -1 -1 -1 -1 -1 -1 -1 -1 -1 -1 -1 1722 -1 -1 -1 -1 -1 -1 -1 -1 -1 -1 -1
68 -1 -1 -1 -1 -1 -1 -1 -1 -1 -1 -1 1224 -1 -1 -1 810 -1 -1 -1 -1 -1 -1 -1 -1 -1 -1 712 -1 -1 -1 -1 -1 -1 -1 -1 -1 -1 -1 -1 -1 -1 863 -1 -1 -1 -1 -1 -1 -1 -1 -1 -1 -1 -1 -1
70 -1 1219 -1 -1 1472 -1 -1 -1 -1 -1 -1 -1 -1 -1 -1 -1 -1 -1 -1 -1 -1 -1 -1 -1 -1 -1 -1 -1 -1 -1 -1 -1 -1 -1 -1 -1 -1 -1 -1 -1 -1 -1 -1 713 -1 -1 -1 -1 -1 -1 -1 -1 -1 -1
63 -1 -1 -1 -1 -1 -1 1672 -1 -1 1502 -1 -1 -1 -1 -1 -1 -1 1832 -1 -1 -1 -1 -1 -1 1536 -1 -1 -1 -1 -1 -1 -1 -1 -1 -1 -1 -1 -1 -1 -1 -1 -1 -1 -1 -1 -1 1599 -1 -1 -1 -1 -1 1728
19 -1 -1 -1 -1 -1 -1 -1 1121 -1 -1 -1 -1 -1 -1 -1 -1 -1 -1 -1 -1 -1 -1 -1 1573 -1 -1 -1 -1 -1 -1 -1 -1 -1 -1 -1 -1 -1 -1 -1 -1 -1 -1 -1 1122 -1 -1 -1 -1 -1 -1 -1 -1
2 1625 -1 -1 -1 -1 -1 -1 -1 1980 -1 -1 -1 -1 -1 -1 -1 -1 -1 -1 -1 -1 -1 -1 -1 -1 -1 -1 -1 -1 -1 -1 -1 -1 -1 -1 -1 -1 -1 -1 -1 -1 -1 -1 -1 -1 -1 -1 -1 -1 -1 -1
10 -1 -1 -1 -1 -1 -1 -1 -1 -1 -1 -1 -1 -1 968 -1 -1 -1 -1 -1 -1 -1 -1 -1 -1 -1 1490 -1 -1 932 -1 -1 1209 1778 -1 -1 -1 -1 1609 1462 -1 -1 732 -1 -1 -1 -1 -1 -1 -1 -1
96 1051 -1 -1 -1 -1 -1 -1 -1 -1 1851 715 -1 -1 -1 -1 -1 -1 -1 -1 -1 -1 -1 -1 -1 -1 -1 -1 -1 -1 -1 -1 -1 -1 -1 -1 -1 -1 -1 -1 -1 -1 1343 -1 -1 2084 -1 -1 -1 -1
2 -1 -1 994 -1 -1 -1 -1 -1 -1 -1 -1 -1 -1 -1 -1 -1 -1 -1 1960 -1 -1 -1 -1 -1 -1 -1 -1 -1 -1 724 -1 -1 814 -1 -1 -1 -1 -1 -1 -1 -1 -1 -1 -1 -1 -1 -1 -1
62 -1 -1 -1 1272 -1 -1 -1 -1 1253 -1 956 -1 -1 -1 865 -1 -1 -1 -1 -1 -1 -1 -1 -1 1033 -1 -1 -1 -1 -1 -1 1511 -1 -1 -1 1107 -1 -1 -1 -1 -1 -1 -1 -1 -1 -1 -1
40 -1 -1 -1 -1 2035 -1 -1 -1 -1 -1 -1 -1 -1 -1 -1 -1 -1 -1 -1 1023 -1 -1 -1 -1 1807 -1 1069 -1 -1 -1 -1 -1 -1 1712 -1 1372 -1 -1 -1 -1 -1 -1 -1 -1 -1 -1
23 -1 -1 -1 -1 -1 -1 -1 -1 -1 -1 -1 2072 -1 -1 -1 -1 -1 -1 -1 1148 -1 -1 -1 -1 -1 1331 -1 -1 -1 -1 -1 -1 -1 -1 1635 -1 -1 -1 1268 -1 -1 -1 -1 -1 -1
37 -1 -1 -1 -1 -1 772 -1 1106 1469 -1 -1 -1 -1 -1 -1 1774 -1 -1 -1 1949 -1 -1 -1 -1 1102 -1 -1 1065 1257 2053 -1 -1 -1 1740 -1 -1 -1 -1 -1 -1 -1 -1 -1 -1
92 -1 -1 -1 1800 -1 -1 -1 -1 -1 1589 -1 1691 -1 -1 -1 -1 1065 -1 -1 -1 -1 -1 -1 -1 -1 909 -1 -1 1122 -1 -1 -1 -1 -1 -1 1573 -1 -1 -1 -1 -1 -1 -1
88 -1 -1 -1 -1 -1 -1 1194 -1 -1 -1 1770 -1 -1 -1 -1 -1 -1 -1 -1 1309 -1 -1 -1 -1 -1 1119 -1 1103 -1 -1 -1 -1 -1 -1 -1 -1 -1 -1 -1 -1 -1 -1
28 1946 -1 -1 -1 -1 -1 -1 -1 -1 -1 -1 -1 -1 -1 -1 -1 -1 -1 -1 -1 -1 -1 -1 -1 -1 -1 -1 -1 -1 -1 -1 852 -1 -1 -1 -1 -1 -1 -1 -1 -1
36 -1 -1 -1 -1 -1 -1 -1 -1 -1 -1 -1 -1 -1 -1 1595 -1 -1 -1 -1 -1 -1 -1 -1 1560 -1 -1 -1 -1 1819 -1 1214 -1 -1 -1 1235 -1 1342 -1 -1 -1
52 -1 -1 -1 -1 -1 1647 -1 -1 -1 -1 1510 -1 1608 -1 -1 -1 -1 -1 -1 -1 -1 -1 -1 -1 -1 -1 963 -1 -1 -1 -1 -1 -1 -1 -1 -1 -1 1771 -1
34 -1 -1 -1 -1 -1 2080 -1 -1 -1 -1 -1 -1 -1 -1 -1 1259 -1 -1 -1 -1 -1 -1 1761 -1 -1 -1 -1 -1 -1 -1 -1 -1 -1 -1 -1 -1 -1 -1
44 -1 835 -1 -1 -1 -1 -1 1831 -1 1248 -1 -1 720 -1 -1 -1 -1 -1 -1 -1 -1 -1 -1 -1 -1 -1 -1 -1 -1 1628 -1 -1 -1 -1 -1 -1 1122
73 -1 -1 -1 -1 -1 -1 -1 -1 -1 -1 -1 -1 -1 -1 -1 -1 -1 -1 -1 -1 -1 -1 -1 -1 -1 -1 -1 -1 -1 -1 -1 -1 -1 -1 -1 -1
58 -1 -1 -1 -1 -1 -1 -1 -1 -1 -1 -1 -1 -1 -1 -1 -1 -1 1041 -1 -1 -1 -1 -1 -1 -1 -1 -1 -1 -1 -1 -1 -1 -1 -1 -1
17 -1 -1 -1 -1 -1 -1 -1 -1 -1 -1 -1 -1 -1 1109 -1 -1 -1 -1 -1 -1 -1 -1 -1 -1 -1 -1 1077 -1 -1 -1 -1 -1 -1 -1
13 1135 -1 -1 -1 -1 -1 -1 -1 -1 -1 -1 -1 -1 -1 -1 -1 -1 -1 -1 -1 -1 -1 -1 -1 -1 -1 -1 -1 -1 -1 -1 -1 -1
11 -1 -1 -1 -1 -1 -1 -1 -1 -1 1931 -1 -1 -1 -1 -1 -1 -1 -1 -1 -1 -1 1430 -1 -1 -1 -1 -1 -1 -1 788 -1 -1
16 -1 -1 -1 -1 772 -1 -1 -1 -1 -1 -1 -1 -1 -1 -1 -1 -1 -1 -1 -1 -1 -1 -1 -1 -1 -1 -1 1424 -1 -1 -1
82 -1 -1 -1 -1 -1 -1 -1 -1 -1 -1 -1 -1 -1 -1 -1 752 -1 -1 -1 -1 -1 -1 -1 -1 -1 1250 -1 -1 -1 -1
12 -1 -1 -1 -1 -1 -1 -1 -1 -1 716 1520 -1 -1 -1 -1 -1 -1 -1 -1 1949 -1 -1 1473 -1 -1 -1 -1 -1 -1
50 -1 -1 -1 -1 852 -1 -1 -1 -1 2098 -1 -1 -1 -1 -1 -1 -1 -1 -1 -1 -1 -1 -1 -1 -1 -1 -1 -1
37 -1 1842 -1 -1 -1 1689 937 -1 -1 -1 -1 -1 -1 -1 -1 -1 -1 -1 -1 -1 -1 -1 -1 -1 -1 -1 -1
27 -1 -1 1940 -1 -1 -1 -1 -1 -1 -1 -1 -1 2003 -1 -1 -1 -1 -1 -1 -1 -1 1002 -1 -1 -1 -1
3 -1 -1 -1 -1 -1 -1 -1 -1 -1 1415 -1 -1 1373 -1 -1 -1 2028 -1 -1 -1 -1 -1 -1 -1 -1
15 -1 1654 -1 -1 -1 -1 -1 -1 -1 -1 -1 -1 -1 -1 -1 -1 -1 1175 -1 -1 -1 -1 -1 -1
74 -1 -1 -1 -1 1239 -1 1597 -1 -1 -1 -1 770 -1 -1 -1 -1 -1 -1 -1 -1 -1 837 -1
57 1288 -1 -1 -1 -1 -1 -1 1980 -1 -1 -1 -1 -1 877 -1 -1 -1 -1 -1 -1 -1 -1
48 -1 -1 -1 -1 -1 -1 -1 -1 -1 -1 -1 -1 -1 -1 -1 -1 -1 -1 -1 -1 1183
86 -1 -1 -1 -1 -1 -1 1336 -1 -1 -1 -1 -1 -1 1194 -1 -1 -1 -1 886 -1
78 -1 -1 -1 -1 -1 -1 -1 -1 -1 -1 -1 -1 -1 -1 -1 -1 -1 -1 -1
92 -1 -1 -1 -1 -1 -1 -1 1349 -1 -1 -1 -1 -1 -1 -1 -1 -1 -1
43 1680 -1 -1 -1 -1 -1 -1 -1 -1 -1 -1 -1 -1 -1 -1 -1 -1
89 -1 -1 -1 -1 -1 -1 1910 -1 -1 -1 2080 -1 -1 -1 -1 -1
91 -1 -1 -1 -1 -1 -1 -1 -1 -1 -1 -1 -1 1710 -1 -1
25 -1 -1 -1 -1 -1 -1 -1 1686 -1 -1 -1 -1 -1 1777
77 -1 -1 -1 -1 -1 -1 -1 -1 -1 -1 -1 -1 -1
44 -1 -1 -1 -1 -1 -1 -1 -1 -1 -1 -1 -1
30 -1 -1 -1 -1 -1 -1 -1 -1 865 1212 -1
68 -1 -1 -1 -1 -1 -1 -1 -1 -1 -1
53 -1 -1 -1 -1 -1 -1 -1 -1 -1
46 -1 -1 -1 -1 1569 -1 -1 -1
50 -1 -1 -1 -1 -1 -1 -1
45 -1 -1 -1 -1 -1 -1
34 -1 -1 -1 -1 -1
98 -1 -1 -1 -1
46 -1 -1 -1
25 -1 -1
93 -1
9
