30 5
32 32 32 32 32
22 -1 -1 29 34 -1 -1 183 -1 -1 -1 -1 -1 177 -1 -1 -1 172 -1 153 -1 -1 198 -1 -1 -1 -1 -1 -1 
85 88 -1 149 -1 -1 160 -1 195 146 -1 -1 -1 -1 -1 -1 138 -1 -1 -1 -1 -1 -1 -1 -1 -1 -1 98 
-1 -1 -1 -1 -1 60 -1 -1 191 -1 -1 -1 -1 -1 -1 -1 62 173 -1 -1 -1 -1 -1 -1 -1 -1 -1 
-1 -1 150 -1 -1 -1 144 -1 -1 -1 128 -1 37 -1 155 -1 -1 -1 -1 -1 183 -1 -1 139 -1 -1 
-1 -1 -1 -1 59 -1 82 32 58 -1 181 -1 -1 199 -1 -1 -1 -1 -1 -1 -1 -1 38 175 195 
134 -1 -1 -1 -1 -1 -1 -1 13 191 58 -1 -1 -1 158 -1 -1 -1 -1 163 -1 145 -1 -1 
96 140 121 -1 -1 -1 19 182 167 -1 -1 -1 -1 -1 -1 -1 155 -1 -1 -1 -1 -1 -1 
-1 -1 -1 -1 -1 192 -1 -1 -1 -1 -1 59 -1 -1 -1 130 -1 18 -1 -1 72 188 
79 -1 36 119 -1 -1 -1 142 -1 86 115 -1 -1 -1 -1 -1 -1 66 -1 -1 -1 
-1 -1 -1 -1 -1 6 196 -1 -1 -1 -1 -1 32 -1 -1 -1 -1 62 156 -1 
39 -1 -1 -1 108 -1 -1 -1 -1 -1 -1 -1 -1 -1 198 -1 92 -1 -1 
-1 -1 -1 -1 -1 -1 -1 -1 -1 -1 -1 108 -1 -1 90 -1 164 -1 
137 -1 -1 -1 -1 -1 -1 -1 -1 52 -1 -1 25 165 114 -1 -1 
161 -1 -1 -1 -1 -1 -1 -1 -1 -1 -1 -1 -1 2 -1 33 
172 -1 74 -1 -1 -1 -1 2 -1 -1 7 -1 -1 -1 -1 
-1 80 194 -1 -1 -1 -1 -1 -1 -1 166 -1 -1 -1 
-1 -1 -1 -1 -1 -1 -1 -1 -1 -1 -1 -1 -1 
-1 44 -1 19 -1 -1 -1 -1 -1 -1 114 -1 
-1 -1 88 129 -1 -1 -1 -1 -1 -1 -1 
-1 -1 -1 -1 -1 -1 174 -1 78 -1 
70 -1 156 -1 -1 -1 -1 55 159 
37 -1 -1 -1 -1 -1 -1 -1 
-1 -1 -1 -1 -1 -1 -1 
-1 -1 -1 138 -1 -1 
108 -1 124 34 -1 
-1 -1 -1 191 
16 -1 -1 
-1 -1 
-1 
