50 5
100 100 100 100 100
13 -1 -1 -1 602 -1 422 -1 -1 -1 -1 553 625 -1 -1 -1 -1 -1 -1 -1 -1 -1 -1 639 -1 448 -1 -1 -1 -1 407 -1 -1 -1 -1 463 -1 383 -1 -1 435 -1 -1 -1 -1 465 -1 -1 -1
67 -1 -1 -1 -1 -1 -1 -1 -1 -1 579 -1 452 -1 -1 -1 -1 630 -1 -1 -1 -1 588 -1 -1 -1 -1 -1 -1 -1 -1 -1 -1 -1 -1 -1 -1 -1 -1 -1 -1 -1 -1 -1 -1 -1 -1 -1
30 -1 -1 -1 -1 -1 -1 -1 -1 -1 -1 -1 -1 -1 -1 -1 -1 -1 -1 -1 -1 -1 -1 520 -1 -1 -1 -1 -1 484 -1 -1 377 -1 -1 -1 -1 460 -1 518 -1 -1 -1 -1 -1 -1 -1
35 -1 -1 -1 -1 -1 -1 -1 -1 -1 -1 -1 -1 695 -1 -1 -1 -1 -1 -1 -1 630 -1 -1 -1 -1 -1 -1 695 502 -1 -1 -1 -1 561 -1 625 657 -1 -1 -1 -1 -1 -1 -1 -1
30 -1 -1 -1 -1 -1 -1 -1 -1 -1 -1 -1 -1 -1 384 -1 -1 668 -1 -1 -1 474 -1 -1 -1 -1 -1 -1 -1 -1 -1 -1 542 -1 -1 -1 -1 -1 -1 -1 -1 -1 -1 -1 -1
32 -1 -1 -1 -1 -1 -1 -1 -1 -1 -1 -1 -1 646 -1 -1 -1 -1 -1 -1 -1 573 -1 -1 -1 -1 -1 -1 -1 -1 -1 -1 -1 -1 -1 -1 -1 -1 -1 -1 -1 -1 -1 -1
35 400 -1 -1 -1 -1 -1 -1 -1 -1 -1 -1 537 -1 -1 -1 -1 -1 -1 -1 -1 -1 -1 -1 -1 -1 -1 -1 -1 -1 368 -1 -1 -1 -1 -1 -1 643 -1 556 -1 -1 -1
67 -1 -1 -1 -1 -1 -1 -1 -1 -1 -1 -1 -1 -1 -1 -1 -1 -1 -1 574 -1 -1 -1 -1 603 -1 -1 -1 -1 -1 -1 -1 -1 447 -1 -1 -1 -1 -1 -1 412 419
67 -1 -1 -1 -1 -1 -1 -1 -1 -1 -1 -1 -1 -1 -1 -1 -1 -1 -1 -1 -1 -1 -1 -1 -1 -1 -1 -1 -1 -1 -1 680 -1 -1 400 -1 -1 -1 -1 -1 -1
5 -1 -1 -1 -1 -1 -1 -1 -1 688 -1 -1 -1 -1 -1 -1 -1 -1 -1 -1 -1 -1 -1 -1 -1 -1 -1 -1 -1 -1 -1 -1 395 -1 -1 -1 -1 -1 -1 -1
56 -1 -1 -1 -1 -1 -1 -1 -1 -1 -1 -1 669 -1 -1 -1 -1 -1 -1 -1 -1 -1 -1 -1 691 -1 -1 -1 -1 -1 578 -1 -1 -1 -1 381 -1 508 -1
65 -1 -1 533 -1 -1 -1 -1 -1 -1 -1 -1 -1 -1 -1 -1 -1 -1 -1 -1 -1 -1 -1 -1 -1 -1 -1 -1 -1 -1 -1 -1 -1 364 -1 -1 -1 -1
27 -1 -1 661 -1 -1 -1 -1 -1 -1 -1 -1 -1 -1 -1 -1 -1 -1 -1 -1 -1 -1 -1 -1 -1 -1 -1 -1 -1 -1 374 -1 -1 -1 -1 -1 -1
6 -1 -1 -1 -1 -1 -1 -1 -1 -1 410 690 -1 -1 548 -1 -1 -1 -1 381 -1 -1 -1 -1 -1 -1 -1 -1 -1 -1 -1 -1 -1 -1 -1 -1
14 -1 -1 -1 -1 -1 -1 -1 -1 -1 -1 -1 -1 -1 -1 435 -1 -1 -1 -1 -1 -1 -1 -1 -1 -1 -1 -1 -1 -1 -1 -1 -1 -1 -1
5 -1 -1 -1 -1 -1 -1 -1 -1 -1 -1 -1 -1 -1 -1 -1 -1 -1 -1 -1 -1 -1 -1 -1 -1 -1 -1 -1 371 -1 -1 -1 -1 353
24 -1 478 512 -1 -1 -1 -1 -1 -1 630 -1 -1 398 -1 -1 -1 -1 -1 -1 -1 -1 -1 -1 -1 -1 -1 -1 -1 -1 -1 -1 573
47 -1 -1 -1 -1 -1 -1 603 -1 382 -1 -1 -1 476 -1 -1 -1 -1 -1 -1 -1 -1 -1 -1 -1 -1 -1 -1 -1 -1 -1 378
1 -1 -1 -1 -1 -1 -1 -1 -1 549 -1 -1 -1 599 458 -1 -1 -1 -1 -1 -1 -1 -1 -1 -1 453 -1 -1 -1 -1 -1
18 -1 -1 -1 -1 -1 -1 -1 -1 -1 -1 -1 -1 -1 -1 -1 -1 -1 -1 -1 -1 -1 -1 -1 -1 -1 -1 -1 -1 -1
47 -1 -1 -1 -1 -1 660 -1 -1 -1 -1 -1 -1 -1 -1 -1 -1 -1 -1 -1 447 -1 -1 -1 -1 -1 -1 -1 -1
65 -1 -1 -1 -1 -1 -1 -1 -1 422 -1 -1 -1 -1 -1 -1 -1 -1 -1 -1 -1 -1 -1 -1 -1 -1 -1 -1
57 -1 -1 -1 -1 -1 -1 -1 -1 -1 455 -1 -1 -1 688 -1 -1 -1 -1 -1 -1 -1 -1 -1 -1 -1 -1
39 -1 -1 -1 -1 -1 -1 -1 -1 -1 -1 -1 593 -1 -1 -1 -1 -1 395 -1 -1 -1 -1 -1 -1 -1
6 -1 -1 -1 -1 -1 562 358 -1 -1 -1 -1 -1 -1 -1 -1 -1 -1 -1 -1 -1 -1 -1 584 -1
6 -1 -1 -1 -1 -1 -1 -1 -1 -1 -1 562 -1 -1 -1 -1 -1 -1 -1 464 -1 -1 -1 -1
43 -1 -1 -1 -1 613 -1 -1 -1 -1 -1 -1 -1 -1 -1 -1 -1 -1 -1 -1 -1 -1 -1
39 -1 -1 -1 -1 564 -1 -1 -1 -1 -1 -1 -1 -1 -1 -1 -1 -1 494 -1 -1 -1
29 -1 -1 -1 -1 -1 -1 -1 -1 -1 -1 -1 -1 -1 407 -1 594 -1 -1 504 -1
29 -1 -1 -1 -1 -1 -1 -1 -1 -1 679 -1 -1 -1 -1 -1 -1 499 -1 -1
60 -1 -1 -1 537 -1 -1 -1 -1 -1 -1 681 -1 367 -1 -1 -1 -1 -1
9 -1 430 -1 -1 -1 -1 -1 532 -1 -1 -1 -1 -1 377 -1 457 -1
43 -1 -1 -1 -1 584 -1 -1 -1 -1 560 -1 -1 -1 -1 -1 -1
43 -1 -1 -1 -1 631 418 -1 -1 -1 -1 -1 -1 -1 -1 541
30 418 -1 -1 -1 -1 -1 -1 -1 -1 529 -1 -1 643 -1
62 -1 -1 -1 -1 416 -1 -1 -1 -1 -1 391 -1 -1
55 -1 -1 -1 -1 -1 -1 562 513 418 377 -1 -1
48 -1 -1 689 -1 -1 -1 -1 -1 -1 541 354
60 -1 -1 -1 -1 -1 -1 -1 -1 -1 -1
64 -1 -1 -1 -1 -1 -1 -1 -1 -1
36 -1 -1 -1 -1 566 -1 -1 -1
21 -1 -1 -1 -1 -1 -1 -1
68 -1 -1 -1 -1 -1 -1
32 364 -1 -1 -1 -1
16 -1 -1 -1 -1
14 -1 -1 -1
25 -1 -1
50 -1
66
