70 7
100 100 100 100 100 100 100
49 -1 769 -1 -1 -1 -1 -1 -1 -1 -1 -1 -1 -1 -1 -1 -1 -1 -1 -1 -1 -1 -1 -1 -1 -1 -1 -1 -1 905 -1 -1 -1 -1 629 -1 -1 -1 -1 -1 -1 -1 -1 -1 -1 -1 -1 -1 -1 -1 749 -1 -1 -1 636 -1 -1 -1 907 748 -1 -1 581 -1 -1 -1 -1 -1 -1
20 -1 -1 862 -1 -1 591 -1 -1 -1 -1 -1 -1 -1 -1 -1 830 -1 -1 -1 552 -1 -1 -1 -1 -1 -1 -1 -1 -1 -1 501 -1 901 -1 -1 -1 -1 -1 -1 -1 -1 -1 -1 -1 765 -1 -1 758 -1 -1 -1 -1 -1 -1 -1 -1 -1 813 -1 -1 -1 -1 -1 -1 -1 -1 -1
43 -1 -1 -1 -1 -1 -1 -1 -1 -1 -1 -1 -1 -1 -1 -1 -1 -1 -1 -1 507 -1 -1 974 -1 -1 -1 858 -1 -1 -1 -1 -1 -1 -1 -1 -1 -1 -1 689 -1 -1 -1 -1 -1 -1 -1 -1 -1 -1 -1 -1 -1 -1 -1 916 -1 -1 -1 -1 -1 -1 -1 -1 -1 -1 -1
36 -1 -1 -1 -1 -1 -1 -1 500 -1 -1 -1 -1 -1 -1 -1 -1 -1 -1 -1 -1 -1 879 627 -1 -1 -1 -1 -1 -1 -1 -1 -1 699 542 -1 -1 -1 -1 -1 -1 -1 -1 -1 -1 -1 -1 -1 -1 -1 -1 -1 965 -1 -1 506 -1 -1 -1 -1 -1 -1 -1 -1 -1 551
39 -1 -1 -1 -1 -1 -1 -1 687 828 -1 565 -1 -1 -1 -1 -1 -1 -1 -1 -1 -1 -1 -1 -1 -1 -1 -1 -1 -1 -1 -1 933 -1 -1 -1 -1 -1 -1 -1 -1 -1 -1 -1 -1 -1 -1 622 -1 -1 -1 -1 -1 -1 -1 -1 -1 -1 -1 -1 -1 -1 -1 662 -1
26 -1 -1 -1 -1 -1 -1 -1 -1 -1 -1 -1 -1 -1 -1 -1 -1 789 -1 -1 948 641 -1 -1 746 -1 -1 -1 888 -1 -1 -1 -1 -1 -1 -1 851 -1 -1 949 -1 -1 -1 -1 980 -1 -1 -1 -1 -1 -1 -1 -1 -1 -1 -1 -1 -1 -1 -1 -1 -1 -1 -1
36 -1 -1 -1 -1 919 -1 -1 -1 -1 -1 -1 686 -1 907 -1 -1 621 -1 -1 -1 -1 -1 -1 747 -1 -1 -1 -1 -1 -1 -1 -1 -1 -1 -1 -1 -1 -1 595 -1 -1 -1 -1 -1 -1 -1 -1 -1 -1 -1 -1 -1 739 -1 -1 -1 -1 -1 -1 -1 -1 -1
8 -1 -1 -1 -1 -1 -1 -1 -1 -1 -1 -1 -1 653 -1 -1 -1 922 -1 -1 -1 -1 -1 -1 -1 -1 -1 693 -1 -1 -1 -1 -1 -1 -1 -1 -1 -1 -1 -1 844 -1 -1 505 720 -1 -1 -1 -1 -1 -1 -1 -1 -1 -1 899 566 -1 554 -1 -1 880
44 -1 597 -1 -1 -1 -1 -1 -1 -1 -1 -1 525 -1 -1 -1 -1 -1 -1 -1 -1 -1 -1 755 -1 -1 -1 -1 -1 -1 -1 -1 -1 -1 -1 -1 825 -1 -1 -1 563 -1 -1 -1 -1 -1 -1 -1 -1 -1 -1 -1 -1 -1 -1 -1 -1 -1 -1 -1 -1
39 -1 -1 -1 616 -1 876 -1 -1 -1 -1 799 911 -1 -1 -1 -1 979 -1 921 -1 -1 -1 -1 -1 -1 -1 -1 -1 -1 -1 -1 -1 912 -1 -1 -1 -1 -1 -1 -1 -1 -1 -1 -1 -1 -1 -1 -1 728 -1 -1 -1 -1 -1 697 -1 -1 -1 -1
53 -1 -1 -1 -1 -1 -1 -1 -1 -1 -1 -1 -1 -1 -1 -1 -1 -1 -1 -1 -1 -1 -1 -1 835 580 -1 722 -1 -1 -1 -1 -1 -1 -1 -1 -1 -1 -1 -1 -1 -1 -1 -1 -1 -1 743 -1 563 -1 -1 -1 -1 -1 -1 -1 -1 -1 -1
48 -1 -1 -1 499 -1 -1 -1 -1 -1 -1 -1 735 -1 -1 -1 -1 -1 790 -1 -1 -1 -1 -1 828 -1 -1 -1 -1 -1 -1 -1 -1 -1 -1 -1 -1 913 -1 768 -1 -1 -1 -1 -1 -1 -1 -1 -1 -1 -1 -1 -1 -1 -1 -1 -1 -1
41 -1 982 -1 -1 -1 -1 -1 -1 -1 -1 -1 -1 -1 -1 -1 -1 605 -1 -1 770 -1 -1 -1 -1 -1 -1 -1 574 -1 -1 -1 -1 -1 -1 -1 -1 -1 -1 -1 -1 -1 -1 -1 -1 860 837 -1 -1 -1 -1 -1 -1 -1 -1 -1 -1
56 -1 -1 -1 -1 -1 -1 -1 747 -1 -1 -1 -1 -1 -1 -1 -1 -1 918 683 -1 -1 -1 -1 -1 -1 -1 -1 -1 -1 -1 -1 -1 -1 -1 -1 -1 -1 -1 -1 -1 -1 -1 -1 -1 700 -1 691 -1 -1 -1 -1 -1 522 -1 -1
14 -1 -1 -1 -1 -1 -1 -1 -1 -1 -1 -1 -1 -1 972 -1 -1 -1 886 -1 -1 -1 -1 -1 -1 -1 732 -1 -1 -1 -1 -1 -1 669 -1 -1 -1 -1 -1 -1 -1 -1 -1 -1 -1 -1 -1 -1 -1 -1 -1 -1 -1 -1 -1
43 -1 -1 -1 -1 606 -1 -1 -1 -1 -1 -1 -1 -1 -1 -1 -1 -1 -1 802 -1 -1 -1 -1 882 -1 -1 597 -1 -1 815 -1 -1 -1 -1 716 -1 -1 -1 -1 615 -1 -1 -1 -1 -1 -1 -1 -1 -1 -1 -1 -1 -1
61 -1 -1 -1 -1 -1 -1 -1 -1 -1 -1 -1 -1 -1 -1 -1 -1 948 732 496 -1 -1 -1 -1 -1 -1 -1 -1 -1 -1 584 627 -1 -1 749 -1 -1 -1 -1 -1 -1 -1 -1 -1 -1 -1 -1 -1 -1 -1 -1 -1 -1
25 -1 -1 -1 965 -1 -1 -1 -1 -1 -1 -1 -1 -1 -1 -1 -1 -1 -1 732 -1 -1 -1 670 -1 -1 -1 -1 -1 -1 -1 -1 -1 -1 -1 -1 -1 -1 -1 -1 -1 -1 -1 693 -1 -1 818 -1 -1 -1 -1 -1
8 -1 -1 -1 -1 -1 -1 -1 -1 728 -1 -1 -1 -1 -1 -1 -1 -1 -1 -1 -1 -1 -1 -1 -1 -1 -1 -1 -1 -1 907 -1 -1 -1 -1 -1 -1 -1 793 -1 -1 -1 -1 -1 -1 -1 -1 -1 -1 -1 -1
44 -1 -1 -1 -1 -1 -1 -1 -1 -1 -1 -1 -1 -1 -1 -1 -1 -1 -1 -1 687 -1 -1 -1 632 -1 -1 -1 -1 -1 -1 -1 -1 -1 -1 -1 952 -1 -1 -1 497 -1 537 -1 543 -1 -1 -1 -1 -1
67 -1 -1 696 -1 -1 -1 -1 -1 885 -1 -1 571 -1 -1 -1 -1 -1 898 -1 746 -1 -1 -1 -1 -1 -1 -1 -1 -1 -1 595 -1 750 -1 934 -1 -1 -1 -1 -1 -1 -1 -1 -1 -1 -1 -1 -1
51 -1 -1 -1 -1 -1 -1 540 -1 -1 -1 -1 -1 -1 -1 -1 -1 -1 -1 -1 -1 -1 -1 499 -1 -1 -1 -1 -1 -1 -1 -1 -1 -1 -1 -1 -1 881 -1 571 -1 -1 -1 -1 -1 -1 -1 -1
4 -1 -1 -1 -1 -1 -1 -1 -1 -1 593 602 -1 -1 -1 -1 -1 -1 -1 -1 -1 -1 -1 834 -1 -1 -1 -1 -1 928 -1 -1 -1 -1 -1 -1 -1 -1 -1 -1 -1 -1 -1 977 -1 -1 -1
2 -1 -1 -1 -1 -1 -1 -1 -1 -1 -1 742 -1 565 -1 -1 -1 -1 -1 -1 -1 -1 -1 -1 -1 511 -1 -1 -1 -1 -1 895 -1 -1 -1 -1 -1 495 -1 -1 -1 -1 811 -1 772 -1
58 -1 -1 -1 -1 884 -1 -1 -1 -1 566 -1 -1 -1 -1 -1 -1 -1 -1 -1 -1 -1 -1 -1 -1 798 -1 -1 -1 -1 -1 -1 -1 -1 933 -1 -1 -1 -1 -1 857 -1 -1 797 -1
40 -1 -1 -1 618 -1 -1 -1 728 -1 -1 -1 -1 -1 -1 -1 -1 722 -1 -1 -1 -1 -1 660 -1 -1 -1 -1 -1 -1 -1 -1 -1 -1 -1 -1 -1 -1 -1 -1 -1 -1 -1 703
22 -1 -1 -1 -1 -1 -1 -1 -1 -1 -1 -1 -1 -1 -1 -1 -1 -1 -1 -1 -1 -1 -1 -1 -1 522 953 -1 -1 -1 -1 -1 -1 -1 -1 604 -1 -1 -1 -1 -1 581 -1
1 -1 -1 -1 -1 -1 -1 653 916 -1 -1 -1 -1 -1 -1 -1 -1 -1 -1 -1 -1 -1 -1 -1 -1 -1 -1 -1 -1 529 -1 793 -1 -1 -1 -1 -1 -1 -1 894 -1 -1
57 -1 -1 -1 -1 -1 831 -1 -1 -1 -1 -1 -1 -1 -1 -1 -1 -1 -1 978 -1 -1 685 -1 -1 891 841 -1 497 -1 -1 -1 552 -1 -1 -1 -1 -1 -1 -1 -1
12 -1 497 -1 -1 -1 -1 -1 -1 830 -1 -1 -1 540 -1 -1 715 -1 867 -1 -1 703 -1 683 -1 -1 -1 -1 -1 -1 -1 -1 -1 -1 -1 -1 -1 -1 -1 -1
57 814 -1 -1 -1 -1 -1 -1 -1 -1 -1 -1 -1 -1 -1 -1 -1 -1 -1 -1 -1 -1 -1 643 -1 -1 -1 -1 -1 920 -1 -1 -1 -1 -1 -1 624 -1 -1
15 -1 -1 -1 -1 -1 -1 -1 -1 -1 -1 -1 738 -1 -1 -1 -1 -1 615 -1 744 -1 -1 -1 -1 -1 -1 -1 -1 668 -1 -1 903 -1 -1 -1 -1 544
19 -1 -1 -1 -1 -1 762 -1 -1 -1 -1 -1 -1 -1 -1 -1 -1 -1 -1 -1 -1 -1 -1 570 -1 -1 -1 -1 -1 -1 -1 -1 -1 -1 -1 -1 -1
42 -1 -1 -1 -1 -1 -1 -1 -1 -1 -1 -1 493 -1 -1 -1 -1 -1 -1 -1 -1 -1 -1 677 -1 -1 -1 -1 -1 -1 -1 -1 -1 -1 -1 -1
19 -1 -1 -1 -1 -1 -1 -1 -1 -1 -1 -1 -1 -1 -1 -1 639 507 700 -1 -1 -1 -1 -1 -1 698 536 -1 -1 770 -1 -1 562 -1 -1
16 -1 -1 -1 501 -1 -1 -1 -1 -1 -1 -1 -1 -1 -1 683 -1 573 -1 887 -1 982 -1 -1 528 -1 -1 -1 -1 -1 611 -1 -1 -1
31 832 -1 -1 -1 -1 -1 660 -1 -1 -1 771 -1 -1 -1 -1 -1 -1 -1 -1 -1 -1 -1 -1 -1 -1 -1 -1 -1 540 -1 -1 -1
48 -1 -1 -1 579 -1 -1 -1 -1 -1 -1 976 -1 -1 867 -1 -1 -1 -1 -1 -1 -1 -1 -1 -1 -1 -1 944 -1 -1 -1 -1
66 -1 -1 -1 -1 -1 -1 972 -1 -1 -1 -1 -1 -1 -1 -1 -1 -1 -1 -1 -1 -1 -1 755 -1 -1 -1 -1 -1 -1 -1
53 676 -1 -1 -1 -1 703 778 -1 -1 -1 -1 -1 -1 -1 -1 -1 915 -1 -1 828 -1 -1 -1 -1 -1 -1 -1 -1 -1
4 -1 -1 -1 -1 -1 -1 -1 -1 -1 -1 -1 -1 -1 -1 -1 -1 -1 -1 -1 687 -1 -1 -1 -1 -1 -1 -1 -1
16 -1 -1 -1 -1 -1 -1 -1 -1 -1 -1 -1 -1 -1 -1 -1 -1 -1 -1 -1 -1 -1 -1 -1 -1 828 -1 -1
28 -1 -1 -1 -1 -1 -1 -1 -1 801 -1 -1 -1 -1 -1 -1 -1 -1 -1 -1 -1 -1 793 -1 -1 -1 -1
43 -1 -1 -1 -1 -1 967 -1 -1 -1 -1 -1 -1 -1 -1 -1 -1 -1 -1 -1 -1 -1 -1 -1 -1 -1
55 -1 -1 -1 -1 -1 740 -1 -1 -1 -1 -1 -1 -1 -1 -1 -1 -1 -1 -1 -1 -1 -1 -1 -1
3 -1 -1 -1 -1 -1 -1 -1 -1 -1 -1 -1 -1 -1 -1 -1 -1 -1 -1 -1 -1 520 -1 -1
65 -1 -1 -1 -1 -1 -1 -1 -1 569 -1 -1 -1 -1 -1 -1 -1 582 -1 892 -1 -1 729
49 -1 -1 -1 -1 -1 -1 749 -1 -1 -1 -1 -1 -1 -1 -1 -1 -1 -1 -1 -1 -1
47 -1 -1 -1 -1 -1 -1 -1 -1 499 850 -1 -1 -1 839 -1 -1 -1 -1 753 -1
65 -1 -1 -1 -1 -1 -1 -1 -1 -1 -1 -1 -1 -1 -1 -1 -1 -1 -1 -1
13 -1 -1 -1 -1 -1 -1 -1 -1 -1 -1 -1 -1 -1 -1 -1 -1 -1 513
69 -1 -1 -1 -1 -1 654 -1 -1 -1 935 -1 -1 -1 -1 -1 814 -1
36 -1 -1 -1 -1 -1 -1 -1 -1 964 -1 -1 -1 -1 -1 -1 -1
42 -1 -1 -1 -1 -1 -1 -1 -1 -1 -1 -1 -1 -1 -1 -1
26 -1 -1 -1 508 976 -1 -1 -1 -1 -1 -1 -1 -1 -1
41 -1 562 -1 -1 -1 -1 -1 -1 -1 702 -1 -1 -1
32 -1 -1 -1 -1 -1 -1 -1 -1 -1 -1 -1 -1
60 -1 -1 -1 -1 -1 -1 -1 -1 563 -1 -1
26 -1 738 -1 -1 -1 -1 -1 -1 -1 -1
34 -1 -1 -1 -1 704 -1 -1 -1 -1
33 -1 -1 -1 -1 -1 -1 -1 -1
40 -1 -1 -1 -1 -1 601 -1
69 -1 -1 -1 -1 -1 581
6 -1 515 -1 -1 -1
18 -1 -1 -1 -1
58 852 -1 -1
61 -1 -1
38 -1
66
